1 1000 10 fifo 50
500
31 2
16 2
48 2
24 2
4 2
12 2
33 2
26 2
22 3
38 4
19 5
46 5
14 5
35 6
3 7
6 8
0 9
8 9
9 9
35 10
9 11
25 12
47 12
25 13
1 14
14 14
43 14
39 15
2 16
24 17
23 18
25 19
28 19
29 19
1 19
46 20
32 21
25 21
21 22
17 23
19 24
0 25
31 26
24 26
0 26
9 26
35 26
47 26
25 26
1 27
25 27
12 28
3 29
9 30
26 31
28 32
24 32
15 32
46 32
44 33
8 33
49 34
43 35
44 36
34 37
14 37
34 37
42 38
17 38
0 39
3 40
48 41
24 41
27 42
26 43
4 43
30 43
25 43
23 44
3 45
28 46
30 47
32 47
27 47
40 47
0 48
43 49
3 50
48 51
43 51
37 52
42 53
4 53
36 53
2 53
20 54
15 55
20 55
41 55
36 55
37 55
42 55
12 56
34 56
24 57
3 58
16 58
29 58
23 58
45 58
25 58
37 58
43 59
42 59
17 59
38 60
3 60
26 61
29 62
6 62
41 63
27 64
1 64
37 64
28 64
4 65
38 65
11 66
27 67
38 68
17 69
46 70
9 70
24 70
2 70
19 70
2 70
47 70
33 71
13 71
23 72
13 72
14 73
44 73
40 73
46 74
34 75
37 76
14 77
5 77
45 78
46 79
22 79
23 79
6 79
5 80
31 81
11 81
27 82
36 83
8 84
37 85
39 85
7 85
49 85
31 86
3 86
15 86
24 87
13 88
4 88
20 88
25 89
46 90
1 90
48 91
3 92
27 92
43 93
30 93
23 94
21 94
25 94
1 95
42 96
44 96
22 97
25 98
16 99
20 100
26 101
38 101
16 101
49 102
21 102
22 102
36 103
30 103
42 103
48 103
0 104
23 104
44 105
14 105
18 105
27 106
41 107
40 107
39 107
37 107
12 108
49 108
12 109
17 109
35 110
20 111
23 111
21 111
5 112
35 112
2 113
42 114
11 114
23 114
46 115
6 116
20 116
40 116
9 116
20 117
24 117
28 118
24 119
7 119
37 120
36 121
43 122
17 122
8 122
8 122
0 122
17 123
26 123
10 124
14 125
44 125
20 126
47 126
34 126
44 127
21 128
36 129
2 129
16 129
18 130
37 131
47 131
35 131
45 132
7 133
29 134
41 134
48 135
31 136
30 136
15 137
45 137
40 138
33 138
46 138
49 139
4 140
16 141
31 141
16 142
35 143
44 144
28 144
46 145
26 145
30 145
33 146
21 147
29 147
14 147
33 147
7 148
20 148
4 148
20 149
29 149
13 149
37 150
43 151
38 151
41 152
7 153
23 153
32 153
9 154
10 154
12 155
2 156
25 156
34 156
25 157
34 157
13 158
19 159
12 159
18 159
8 160
14 161
15 161
30 161
4 161
27 162
44 163
47 164
11 165
36 165
45 166
25 166
21 166
2 166
35 167
44 167
7 168
23 168
23 168
15 169
27 170
12 171
37 171
8 172
2 173
44 173
41 174
47 174
39 175
3 176
16 176
12 176
36 176
44 177
3 178
19 178
33 179
30 180
2 180
22 181
5 181
20 182
35 183
35 184
2 184
0 185
45 186
26 186
15 187
12 188
43 189
23 189
33 189
43 189
16 190
42 191
5 191
37 191
11 192
49 193
41 194
31 195
19 196
25 196
20 196
11 197
7 197
16 198
24 198
11 199
47 200
3 201
31 202
30 203
18 204
0 204
12 204
28 204
26 205
13 206
13 206
43 207
20 208
5 209
17 210
1 211
17 211
34 212
16 213
21 213
28 213
13 213
22 213
27 214
42 215
38 215
27 215
33 215
31 216
13 217
42 218
48 219
7 220
22 220
1 221
46 222
23 222
37 222
9 223
9 223
32 224
9 225
8 225
48 226
33 226
27 226
28 227
43 227
44 228
17 229
22 229
26 229
29 230
9 231
20 232
49 232
1 233
38 233
18 234
2 235
42 235
37 235
17 235
28 236
3 237
34 238
18 238
7 238
25 239
23 239
35 240
49 240
31 240
10 241
14 242
6 242
45 243
35 244
49 244
9 245
45 246
2 246
12 246
8 246
45 246
33 247
0 247
3 248
32 248
24 248
21 248
47 249
8 250
21 250
1 250
5 250
25 251
10 252
29 252
4 252
40 252
22 252
23 252
20 253
34 253
29 254
45 255
32 256
3 257
26 257
49 257
26 257
13 257
13 258
43 259
3 260
22 261
35 261
13 262
